1,./members/3/face7.jpg
1,./members/3/face9.jpg
1,./members/3/face10.png
1,./members/3/face6.png
1,./members/3/face8.jpg
2,./members/1/face7.jpg
2,./members/1/face9.jpg
2,./members/1/face8.jpg
2,./members/1/face10.jpg
2,./members/1/face6.jpg
3,./members/2/face4.png
3,./members/2/face1.png
3,./members/2/face3.png
3,./members/2/face2.png
3,./members/2/face5.png
